0.000999001 0.000365015
0.001998 0.000631222
0.002997 0.000849006
0.003996 0.00103515
0.004995 0.00119805
0.00599401 0.00134273
0.00699301 0.00147252
0.00799201 0.00158982
0.00899101 0.00169641
0.00999001 0.00179368
0.010989 0.00188274
0.011988 0.00196448
0.012987 0.00203966
0.013986 0.00210892
0.014985 0.00217278
0.015984 0.00223172
0.016983 0.00228614
0.017982 0.00233641
0.018981 0.00238283
0.01998 0.0024257
0.020979 0.00246526
0.021978 0.00250174
0.022977 0.00253535
0.023976 0.00256627
0.024975 0.00259467
0.025974 0.00262071
0.026973 0.00264454
0.027972 0.00266628
0.028971 0.00268605
0.02997 0.00270398
0.030969 0.00272015
0.031968 0.00273468
0.032967 0.00274764
0.033966 0.00275913
0.034965 0.00276923
0.035964 0.00277799
0.036963 0.00278551
0.037962 0.00279183
0.038961 0.00279702
0.03996 0.00280115
0.040959 0.00280425
0.041958 0.00280639
0.042957 0.0028076
0.043956 0.00280795
0.044955 0.00280746
0.045954 0.00280619
0.046953 0.00280416
0.047952 0.00280142
0.048951 0.00279799
0.04995 0.00279393
0.0509491 0.00278924
0.0519481 0.00278397
0.0529471 0.00277815
0.0539461 0.00277179
0.0549451 0.00276493
0.0559441 0.00275759
0.0569431 0.00274979
0.0579421 0.00274157
0.0589411 0.00273292
0.0599401 0.00272389
0.0609391 0.00271448
0.0619381 0.00270472
0.0629371 0.00269463
0.0639361 0.00268421
0.0649351 0.0026735
0.0659341 0.00266249
0.0669331 0.00265122
0.0679321 0.00263969
0.0689311 0.00262791
0.0699301 0.0026159
0.0709291 0.00260368
0.0719281 0.00259125
0.0729271 0.00257863
0.0739261 0.00256582
0.0749251 0.00255284
0.0759241 0.0025397
0.0769231 0.00252641
0.0779221 0.00251298
0.0789211 0.00249941
0.0799201 0.00248572
0.0809191 0.00247191
0.0819181 0.00245799
0.0829171 0.00244398
0.0839161 0.00242987
0.0849151 0.00241568
0.0859141 0.0024014
0.0869131 0.00238706
0.0879121 0.00237265
0.0889111 0.00235818
0.0899101 0.00234366
0.0909091 0.00232908
0.0919081 0.00231447
0.0929071 0.00229982
0.0939061 0.00228513
0.0949051 0.00227042
0.0959041 0.00225569
0.0969031 0.00224094
0.0979021 0.00222617
0.0989011 0.00221139
0.0999001 0.00219661
0.100899 0.00218182
0.101898 0.00216704
0.102897 0.00215226
0.103896 0.00213749
0.104895 0.00212273
0.105894 0.00210799
0.106893 0.00209326
0.107892 0.00207856
0.108891 0.00206387
0.10989 0.00204922
0.110889 0.00203459
0.111888 0.00201999
0.112887 0.00200543
0.113886 0.0019909
0.114885 0.00197641
0.115884 0.00196196
0.116883 0.00194755
0.117882 0.00193319
0.118881 0.00191887
0.11988 0.00190459
0.120879 0.00189037
0.121878 0.0018762
0.122877 0.00186208
0.123876 0.00184801
0.124875 0.00183399
0.125874 0.00182004
0.126873 0.00180614
0.127872 0.0017923
0.128871 0.00177851
0.12987 0.00176479
0.130869 0.00175114
0.131868 0.00173754
0.132867 0.00172401
0.133866 0.00171054
0.134865 0.00169714
0.135864 0.0016838
0.136863 0.00167053
0.137862 0.00165733
0.138861 0.0016442
0.13986 0.00163114
0.140859 0.00161814
0.141858 0.00160522
0.142857 0.00159237
0.143856 0.00157958
0.144855 0.00156687
0.145854 0.00155424
0.146853 0.00154167
0.147852 0.00152918
0.148851 0.00151676
0.14985 0.00150441
0.150849 0.00149214
0.151848 0.00147994
0.152847 0.00146782
0.153846 0.00145577
0.154845 0.00144379
0.155844 0.00143189
0.156843 0.00142006
0.157842 0.00140831
0.158841 0.00139664
0.15984 0.00138504
0.160839 0.00137351
0.161838 0.00136206
0.162837 0.00135069
0.163836 0.00133939
0.164835 0.00132817
0.165834 0.00131702
0.166833 0.00130594
0.167832 0.00129495
0.168831 0.00128402
0.16983 0.00127317
0.170829 0.0012624
0.171828 0.0012517
0.172827 0.00124108
0.173826 0.00123053
0.174825 0.00122005
0.175824 0.00120965
0.176823 0.00119932
0.177822 0.00118907
0.178821 0.00117889
0.17982 0.00116878
0.180819 0.00115875
0.181818 0.00114879
0.182817 0.0011389
0.183816 0.00112909
0.184815 0.00111934
0.185814 0.00110967
0.186813 0.00110007
0.187812 0.00109055
0.188811 0.00108109
0.18981 0.0010717
0.190809 0.00106239
0.191808 0.00105314
0.192807 0.00104397
0.193806 0.00103487
0.194805 0.00102583
0.195804 0.00101686
0.196803 0.00100797
0.197802 0.000999139
0.198801 0.000990378
0.1998 0.000981686
0.200799 0.000973061
0.201798 0.000964503
0.202797 0.000956012
0.203796 0.000947587
0.204795 0.000939229
0.205794 0.000930936
0.206793 0.000922709
0.207792 0.000914547
0.208791 0.00090645
0.20979 0.000898417
0.210789 0.000890449
0.211788 0.000882544
0.212787 0.000874702
0.213786 0.000866923
0.214785 0.000859207
0.215784 0.000851554
0.216783 0.000843962
0.217782 0.000836431
0.218781 0.000828962
0.21978 0.000821553
0.220779 0.000814205
0.221778 0.000806917
0.222777 0.000799688
0.223776 0.000792519
0.224775 0.000785409
0.225774 0.000778357
0.226773 0.000771363
0.227772 0.000764427
0.228771 0.000757549
0.22977 0.000750727
0.230769 0.000743962
0.231768 0.000737254
0.232767 0.000730601
0.233766 0.000724004
0.234765 0.000717462
0.235764 0.000710975
0.236763 0.000704542
0.237762 0.000698163
0.238761 0.000691838
0.23976 0.000685566
0.240759 0.000679347
0.241758 0.000673181
0.242757 0.000667067
0.243756 0.000661005
0.244755 0.000654994
0.245754 0.000649034
0.246753 0.000643125
0.247752 0.000637266
0.248751 0.000631457
0.24975 0.000625698
0.250749 0.000619989
0.251748 0.000614328
0.252747 0.000608715
0.253746 0.000603151
0.254745 0.000597635
0.255744 0.000592166
0.256743 0.000586745
0.257742 0.00058137
0.258741 0.000576041
0.25974 0.000570759
0.260739 0.000565522
0.261738 0.000560331
0.262737 0.000555185
0.263736 0.000550084
0.264735 0.000545027
0.265734 0.000540014
0.266733 0.000535044
0.267732 0.000530118
0.268731 0.000525235
0.26973 0.000520395
0.270729 0.000515597
0.271728 0.000510842
0.272727 0.000506127
0.273726 0.000501455
0.274725 0.000496823
0.275724 0.000492232
0.276723 0.000487682
0.277722 0.000483171
0.278721 0.0004787
0.27972 0.000474269
0.280719 0.000469877
0.281718 0.000465524
0.282717 0.000461209
0.283716 0.000456933
0.284715 0.000452694
0.285714 0.000448493
0.286713 0.00044433
0.287712 0.000440203
0.288711 0.000436113
0.28971 0.00043206
0.290709 0.000428042
0.291708 0.000424061
0.292707 0.000420115
0.293706 0.000416204
0.294705 0.000412328
0.295704 0.000408487
0.296703 0.00040468
0.297702 0.000400907
0.298701 0.000397168
0.2997 0.000393463
0.300699 0.000389791
0.301698 0.000386152
0.302697 0.000382545
0.303696 0.000378971
0.304695 0.000375429
0.305694 0.000371919
0.306693 0.000368441
0.307692 0.000364994
0.308691 0.000361578
0.30969 0.000358193
0.310689 0.000354839
0.311688 0.000351515
0.312687 0.000348221
0.313686 0.000344957
0.314685 0.000341722
0.315684 0.000338517
0.316683 0.00033534
0.317682 0.000332193
0.318681 0.000329074
0.31968 0.000325984
0.320679 0.000322921
0.321678 0.000319887
0.322677 0.00031688
0.323676 0.0003139
0.324675 0.000310948
0.325674 0.000308022
0.326673 0.000305123
0.327672 0.000302251
0.328671 0.000299405
0.32967 0.000296585
0.330669 0.00029379
0.331668 0.000291022
0.332667 0.000288278
0.333666 0.00028556
0.334665 0.000282866
0.335664 0.000280198
0.336663 0.000277553
0.337662 0.000274933
0.338661 0.000272337
0.33966 0.000269765
0.340659 0.000267216
0.341658 0.000264691
0.342657 0.000262189
0.343656 0.00025971
0.344655 0.000257254
0.345654 0.000254821
0.346653 0.00025241
0.347652 0.000250021
0.348651 0.000247654
0.34965 0.000245309
0.350649 0.000242986
0.351648 0.000240684
0.352647 0.000238403
0.353646 0.000236143
0.354645 0.000233905
0.355644 0.000231687
0.356643 0.000229489
0.357642 0.000227312
0.358641 0.000225155
0.35964 0.000223018
0.360639 0.000220901
0.361638 0.000218803
0.362637 0.000216725
0.363636 0.000214666
0.364635 0.000212626
0.365634 0.000210605
0.366633 0.000208603
0.367632 0.00020662
0.368631 0.000204655
0.36963 0.000202708
0.370629 0.000200779
0.371628 0.000198868
0.372627 0.000196975
0.373626 0.0001951
0.374625 0.000193242
0.375624 0.000191402
0.376623 0.000189578
0.377622 0.000187772
0.378621 0.000185982
0.37962 0.000184209
0.380619 0.000182453
0.381618 0.000180713
0.382617 0.000178989
0.383616 0.000177282
0.384615 0.00017559
0.385614 0.000173914
0.386613 0.000172254
0.387612 0.000170609
0.388611 0.00016898
0.38961 0.000167366
0.390609 0.000165767
0.391608 0.000164183
0.392607 0.000162614
0.393606 0.00016106
0.394605 0.00015952
0.395604 0.000157995
0.396603 0.000156484
0.397602 0.000154987
0.398601 0.000153504
0.3996 0.000152035
0.400599 0.00015058
0.401598 0.000149138
0.402597 0.00014771
0.403596 0.000146296
0.404595 0.000144895
0.405594 0.000143507
0.406593 0.000142132
0.407592 0.00014077
0.408591 0.00013942
0.40959 0.000138084
0.410589 0.00013676
0.411588 0.000135448
0.412587 0.000134149
0.413586 0.000132862
0.414585 0.000131588
0.415584 0.000130325
0.416583 0.000129074
0.417582 0.000127835
0.418581 0.000126608
0.41958 0.000125392
0.420579 0.000124188
0.421578 0.000122995
0.422577 0.000121813
0.423576 0.000120642
0.424575 0.000119483
0.425574 0.000118334
0.426573 0.000117197
0.427572 0.00011607
0.428571 0.000114954
0.42957 0.000113848
0.430569 0.000112753
0.431568 0.000111668
0.432567 0.000110593
0.433566 0.000109529
0.434565 0.000108475
0.435564 0.00010743
0.436563 0.000106396
0.437562 0.000105371
0.438561 0.000104356
0.43956 0.000103351
0.440559 0.000102355
0.441558 0.000101369
0.442557 0.000100392
0.443556 9.94241e-05
0.444555 9.84655e-05
0.445554 9.75161e-05
0.446553 9.65756e-05
0.447552 9.56441e-05
0.448551 9.47215e-05
0.44955 9.38076e-05
0.450549 9.29024e-05
0.451548 9.20058e-05
0.452547 9.11177e-05
0.453546 9.0238e-05
0.454545 8.93667e-05
0.455544 8.85037e-05
0.456543 8.76489e-05
0.457542 8.68023e-05
0.458541 8.59636e-05
0.45954 8.5133e-05
0.460539 8.43103e-05
0.461538 8.34954e-05
0.462537 8.26883e-05
0.463536 8.18888e-05
0.464535 8.1097e-05
0.465534 8.03127e-05
0.466533 7.95359e-05
0.467532 7.87664e-05
0.468531 7.80044e-05
0.46953 7.72495e-05
0.470529 7.65019e-05
0.471528 7.57614e-05
0.472527 7.5028e-05
0.473526 7.43016e-05
0.474525 7.35821e-05
0.475524 7.28694e-05
0.476523 7.21636e-05
0.477522 7.14645e-05
0.478521 7.0772e-05
0.47952 7.00862e-05
0.480519 6.9407e-05
0.481518 6.87342e-05
0.482517 6.80678e-05
0.483516 6.74079e-05
0.484515 6.67542e-05
0.485514 6.61067e-05
0.486513 6.54655e-05
0.487512 6.48304e-05
0.488511 6.42013e-05
0.48951 6.35783e-05
0.490509 6.29613e-05
0.491508 6.23501e-05
0.492507 6.17448e-05
0.493506 6.11452e-05
0.494505 6.05515e-05
0.495504 5.99634e-05
0.496503 5.93809e-05
0.497502 5.8804e-05
0.498501 5.82326e-05
0.4995 5.76667e-05
0.5005 5.71062e-05
0.501499 5.65511e-05
0.502498 5.60013e-05
0.503497 5.54568e-05
0.504496 5.49175e-05
0.505495 5.43833e-05
0.506494 5.38543e-05
0.507493 5.33304e-05
0.508492 5.28114e-05
0.509491 5.22975e-05
0.51049 5.17885e-05
0.511489 5.12843e-05
0.512488 5.0785e-05
0.513487 5.02905e-05
0.514486 4.98007e-05
0.515485 4.93157e-05
0.516484 4.88353e-05
0.517483 4.83595e-05
0.518482 4.78882e-05
0.519481 4.74215e-05
0.52048 4.69593e-05
0.521479 4.65015e-05
0.522478 4.60481e-05
0.523477 4.55991e-05
0.524476 4.51544e-05
0.525475 4.47139e-05
0.526474 4.42777e-05
0.527473 4.38457e-05
0.528472 4.34178e-05
0.529471 4.2994e-05
0.53047 4.25743e-05
0.531469 4.21587e-05
0.532468 4.1747e-05
0.533467 4.13393e-05
0.534466 4.09356e-05
0.535465 4.05357e-05
0.536464 4.01396e-05
0.537463 3.97474e-05
0.538462 3.93589e-05
0.539461 3.89742e-05
0.54046 3.85932e-05
0.541459 3.82158e-05
0.542458 3.78421e-05
0.543457 3.7472e-05
0.544456 3.71054e-05
0.545455 3.67424e-05
0.546454 3.63829e-05
0.547453 3.60268e-05
0.548452 3.56742e-05
0.549451 3.53249e-05
0.55045 3.4979e-05
0.551449 3.46365e-05
0.552448 3.42972e-05
0.553447 3.39613e-05
0.554446 3.36285e-05
0.555445 3.3299e-05
0.556444 3.29726e-05
0.557443 3.26494e-05
0.558442 3.23293e-05
0.559441 3.20123e-05
0.56044 3.16984e-05
0.561439 3.13874e-05
0.562438 3.10795e-05
0.563437 3.07745e-05
0.564436 3.04725e-05
0.565435 3.01734e-05
0.566434 2.98772e-05
0.567433 2.95839e-05
0.568432 2.92933e-05
0.569431 2.90056e-05
0.57043 2.87206e-05
0.571429 2.84385e-05
0.572428 2.8159e-05
0.573427 2.78822e-05
0.574426 2.76081e-05
0.575425 2.73366e-05
0.576424 2.70678e-05
0.577423 2.68016e-05
0.578422 2.65379e-05
0.579421 2.62768e-05
0.58042 2.60182e-05
0.581419 2.57621e-05
0.582418 2.55084e-05
0.583417 2.52572e-05
0.584416 2.50085e-05
0.585415 2.47621e-05
0.586414 2.45182e-05
0.587413 2.42766e-05
0.588412 2.40373e-05
0.589411 2.38003e-05
0.59041 2.35656e-05
0.591409 2.33332e-05
0.592408 2.31031e-05
0.593407 2.28751e-05
0.594406 2.26494e-05
0.595405 2.24259e-05
0.596404 2.22045e-05
0.597403 2.19852e-05
0.598402 2.17681e-05
0.599401 2.15531e-05
0.6004 2.13401e-05
0.601399 2.11293e-05
0.602398 2.09204e-05
0.603397 2.07136e-05
0.604396 2.05088e-05
0.605395 2.03059e-05
0.606394 2.0105e-05
0.607393 1.99061e-05
0.608392 1.97091e-05
0.609391 1.9514e-05
0.61039 1.93208e-05
0.611389 1.91294e-05
0.612388 1.89399e-05
0.613387 1.87523e-05
0.614386 1.85664e-05
0.615385 1.83824e-05
0.616384 1.82001e-05
0.617383 1.80196e-05
0.618382 1.78409e-05
0.619381 1.76638e-05
0.62038 1.74885e-05
0.621379 1.73149e-05
0.622378 1.7143e-05
0.623377 1.69727e-05
0.624376 1.68041e-05
0.625375 1.66371e-05
0.626374 1.64718e-05
0.627373 1.6308e-05
0.628372 1.61458e-05
0.629371 1.59852e-05
0.63037 1.58262e-05
0.631369 1.56687e-05
0.632368 1.55127e-05
0.633367 1.53582e-05
0.634366 1.52053e-05
0.635365 1.50538e-05
0.636364 1.49038e-05
0.637363 1.47552e-05
0.638362 1.46081e-05
0.639361 1.44624e-05
0.64036 1.43181e-05
0.641359 1.41752e-05
0.642358 1.40337e-05
0.643357 1.38935e-05
0.644356 1.37548e-05
0.645355 1.36173e-05
0.646354 1.34812e-05
0.647353 1.33464e-05
0.648352 1.3213e-05
0.649351 1.30808e-05
0.65035 1.29499e-05
0.651349 1.28203e-05
0.652348 1.26919e-05
0.653347 1.25648e-05
0.654346 1.24389e-05
0.655345 1.23142e-05
0.656344 1.21907e-05
0.657343 1.20685e-05
0.658342 1.19474e-05
0.659341 1.18275e-05
0.66034 1.17088e-05
0.661339 1.15912e-05
0.662338 1.14747e-05
0.663337 1.13594e-05
0.664336 1.12452e-05
0.665335 1.11321e-05
0.666334 1.10201e-05
0.667333 1.09092e-05
0.668332 1.07994e-05
0.669331 1.06906e-05
0.67033 1.05829e-05
0.671329 1.04762e-05
0.672328 1.03706e-05
0.673327 1.0266e-05
0.674326 1.01624e-05
0.675325 1.00598e-05
0.676324 9.95818e-06
0.677323 9.85757e-06
0.678322 9.75794e-06
0.679321 9.65927e-06
0.68032 9.56156e-06
0.681319 9.4648e-06
0.682318 9.36898e-06
0.683317 9.27409e-06
0.684316 9.18012e-06
0.685315 9.08706e-06
0.686314 8.99491e-06
0.687313 8.90365e-06
0.688312 8.81327e-06
0.689311 8.72377e-06
0.69031 8.63514e-06
0.691309 8.54737e-06
0.692308 8.46045e-06
0.693307 8.37438e-06
0.694306 8.28914e-06
0.695305 8.20473e-06
0.696304 8.12114e-06
0.697303 8.03835e-06
0.698302 7.95638e-06
0.699301 7.87519e-06
0.7003 7.7948e-06
0.701299 7.71519e-06
0.702298 7.63634e-06
0.703297 7.55827e-06
0.704296 7.48095e-06
0.705295 7.40438e-06
0.706294 7.32856e-06
0.707293 7.25347e-06
0.708292 7.17911e-06
0.709291 7.10547e-06
0.71029 7.03254e-06
0.711289 6.96033e-06
0.712288 6.88881e-06
0.713287 6.81799e-06
0.714286 6.74786e-06
0.715285 6.6784e-06
0.716284 6.60962e-06
0.717283 6.54151e-06
0.718282 6.47406e-06
0.719281 6.40726e-06
0.72028 6.34111e-06
0.721279 6.27561e-06
0.722278 6.21074e-06
0.723277 6.1465e-06
0.724276 6.08288e-06
0.725275 6.01988e-06
0.726274 5.95749e-06
0.727273 5.8957e-06
0.728272 5.83452e-06
0.729271 5.77393e-06
0.73027 5.71393e-06
0.731269 5.6545e-06
0.732268 5.59566e-06
0.733267 5.53739e-06
0.734266 5.47968e-06
0.735265 5.42253e-06
0.736264 5.36594e-06
0.737263 5.30989e-06
0.738262 5.25439e-06
0.739261 5.19943e-06
0.74026 5.145e-06
0.741259 5.0911e-06
0.742258 5.03772e-06
0.743257 4.98486e-06
0.744256 4.93251e-06
0.745255 4.88067e-06
0.746254 4.82933e-06
0.747253 4.77849e-06
0.748252 4.72814e-06
0.749251 4.67828e-06
0.75025 4.62891e-06
0.751249 4.58001e-06
0.752248 4.53159e-06
0.753247 4.48364e-06
0.754246 4.43615e-06
0.755245 4.38912e-06
0.756244 4.34255e-06
0.757243 4.29643e-06
0.758242 4.25075e-06
0.759241 4.20552e-06
0.76024 4.16073e-06
0.761239 4.11637e-06
0.762238 4.07245e-06
0.763237 4.02894e-06
0.764236 3.98586e-06
0.765235 3.9432e-06
0.766234 3.90095e-06
0.767233 3.85911e-06
0.768232 3.81767e-06
0.769231 3.77664e-06
0.77023 3.736e-06
0.771229 3.69576e-06
0.772228 3.65591e-06
0.773227 3.61644e-06
0.774226 3.57735e-06
0.775225 3.53865e-06
0.776224 3.50032e-06
0.777223 3.46235e-06
0.778222 3.42476e-06
0.779221 3.38753e-06
0.78022 3.35066e-06
0.781219 3.31415e-06
0.782218 3.27799e-06
0.783217 3.24219e-06
0.784216 3.20672e-06
0.785215 3.17161e-06
0.786214 3.13683e-06
0.787213 3.10238e-06
0.788212 3.06828e-06
0.789211 3.0345e-06
0.79021 3.00104e-06
0.791209 2.96792e-06
0.792208 2.93511e-06
0.793207 2.90262e-06
0.794206 2.87044e-06
0.795205 2.83857e-06
0.796204 2.80702e-06
0.797203 2.77576e-06
0.798202 2.74481e-06
0.799201 2.71416e-06
0.8002 2.68381e-06
0.801199 2.65374e-06
0.802198 2.62397e-06
0.803197 2.59449e-06
0.804196 2.56529e-06
0.805195 2.53637e-06
0.806194 2.50773e-06
0.807193 2.47937e-06
0.808192 2.45129e-06
0.809191 2.42347e-06
0.81019 2.39592e-06
0.811189 2.36864e-06
0.812188 2.34162e-06
0.813187 2.31487e-06
0.814186 2.28837e-06
0.815185 2.26212e-06
0.816184 2.23613e-06
0.817183 2.21039e-06
0.818182 2.1849e-06
0.819181 2.15966e-06
0.82018 2.13465e-06
0.821179 2.10989e-06
0.822178 2.08537e-06
0.823177 2.06108e-06
0.824176 2.03703e-06
0.825175 2.01321e-06
0.826174 1.98962e-06
0.827173 1.96626e-06
0.828172 1.94312e-06
0.829171 1.9202e-06
0.83017 1.89751e-06
0.831169 1.87503e-06
0.832168 1.85277e-06
0.833167 1.83072e-06
0.834166 1.80889e-06
0.835165 1.78727e-06
0.836164 1.76585e-06
0.837163 1.74464e-06
0.838162 1.72364e-06
0.839161 1.70283e-06
0.84016 1.68223e-06
0.841159 1.66182e-06
0.842158 1.64161e-06
0.843157 1.6216e-06
0.844156 1.60177e-06
0.845155 1.58214e-06
0.846154 1.5627e-06
0.847153 1.54344e-06
0.848152 1.52437e-06
0.849151 1.50548e-06
0.85015 1.48677e-06
0.851149 1.46824e-06
0.852148 1.44989e-06
0.853147 1.43172e-06
0.854146 1.41371e-06
0.855145 1.39589e-06
0.856144 1.37823e-06
0.857143 1.36074e-06
0.858142 1.34342e-06
0.859141 1.32627e-06
0.86014 1.30928e-06
0.861139 1.29245e-06
0.862138 1.27578e-06
0.863137 1.25928e-06
0.864136 1.24293e-06
0.865135 1.22673e-06
0.866134 1.2107e-06
0.867133 1.19481e-06
0.868132 1.17908e-06
0.869131 1.1635e-06
0.87013 1.14806e-06
0.871129 1.13278e-06
0.872128 1.11764e-06
0.873127 1.10264e-06
0.874126 1.08779e-06
0.875125 1.07308e-06
0.876124 1.05851e-06
0.877123 1.04408e-06
0.878122 1.02979e-06
0.879121 1.01563e-06
0.88012 1.00161e-06
0.881119 9.87722e-07
0.882118 9.73966e-07
0.883117 9.60341e-07
0.884116 9.46846e-07
0.885115 9.33479e-07
0.886114 9.20239e-07
0.887113 9.07126e-07
0.888112 8.94137e-07
0.889111 8.81272e-07
0.89011 8.68529e-07
0.891109 8.55907e-07
0.892108 8.43405e-07
0.893107 8.31021e-07
0.894106 8.18756e-07
0.895105 8.06606e-07
0.896104 7.94572e-07
0.897103 7.82653e-07
0.898102 7.70846e-07
0.899101 7.59151e-07
0.9001 7.47567e-07
0.901099 7.36092e-07
0.902098 7.24727e-07
0.903097 7.13469e-07
0.904096 7.02317e-07
0.905095 6.91271e-07
0.906094 6.8033e-07
0.907093 6.69491e-07
0.908092 6.58756e-07
0.909091 6.48122e-07
0.91009 6.37588e-07
0.911089 6.27153e-07
0.912088 6.16817e-07
0.913087 6.06579e-07
0.914086 5.96437e-07
0.915085 5.86391e-07
0.916084 5.76439e-07
0.917083 5.66581e-07
0.918082 5.56816e-07
0.919081 5.47143e-07
0.92008 5.37561e-07
0.921079 5.28069e-07
0.922078 5.18666e-07
0.923077 5.09352e-07
0.924076 5.00125e-07
0.925075 4.90984e-07
0.926074 4.8193e-07
0.927073 4.7296e-07
0.928072 4.64075e-07
0.929071 4.55272e-07
0.93007 4.46553e-07
0.931069 4.37914e-07
0.932068 4.29357e-07
0.933067 4.2088e-07
0.934066 4.12482e-07
0.935065 4.04163e-07
0.936064 3.95921e-07
0.937063 3.87756e-07
0.938062 3.79667e-07
0.939061 3.71654e-07
0.94006 3.63716e-07
0.941059 3.55851e-07
0.942058 3.4806e-07
0.943057 3.40342e-07
0.944056 3.32695e-07
0.945055 3.25119e-07
0.946054 3.17614e-07
0.947053 3.10178e-07
0.948052 3.02812e-07
0.949051 2.95514e-07
0.95005 2.88283e-07
0.951049 2.8112e-07
0.952048 2.74023e-07
0.953047 2.66992e-07
0.954046 2.60026e-07
0.955045 2.53124e-07
0.956044 2.46286e-07
0.957043 2.39511e-07
0.958042 2.32799e-07
0.959041 2.26149e-07
0.96004 2.1956e-07
0.961039 2.13032e-07
0.962038 2.06564e-07
0.963037 2.00155e-07
0.964036 1.93806e-07
0.965035 1.87514e-07
0.966034 1.81281e-07
0.967033 1.75105e-07
0.968032 1.68986e-07
0.969031 1.62922e-07
0.97003 1.56915e-07
0.971029 1.50962e-07
0.972028 1.45064e-07
0.973027 1.3922e-07
0.974026 1.33429e-07
0.975025 1.27691e-07
0.976024 1.22005e-07
0.977023 1.16372e-07
0.978022 1.10789e-07
0.979021 1.05258e-07
0.98002 9.97767e-08
0.981019 9.43454e-08
0.982018 8.89635e-08
0.983017 8.36305e-08
0.984016 7.83459e-08
0.985015 7.31092e-08
0.986014 6.79199e-08
0.987013 6.27776e-08
0.988012 5.76819e-08
0.989011 5.26322e-08
0.99001 4.76282e-08
0.991009 4.26693e-08
0.992008 3.77551e-08
0.993007 3.28852e-08
0.994006 2.80592e-08
0.995005 2.32766e-08
0.996004 1.8537e-08
0.997003 1.38399e-08
0.998002 9.18502e-09
0.999001 4.57185e-09
