    2.1000   -1.6620    0.8687    0.9618    0.9580
    2.1030   -1.6593    0.8672    0.9709    0.9868
    2.1060   -1.6563    0.8655    0.9812    0.9966
    2.1090   -1.6530    0.8632    0.9917    1.0914
    2.1120   -1.6503    0.8618    1.0004    1.0700
    2.1150   -1.6474    0.8600    1.0095    1.1845
    2.1180   -1.6444    0.8585    1.0159    1.1112
    2.1210   -1.6412    0.8563    1.0303    1.2112
    2.1240   -1.6380    0.8543    1.0375    1.2667
    2.1270   -1.6346    0.8520    1.0583    1.3935
    2.1300   -1.6319    0.8505    1.0584    1.3543
    2.1330   -1.6284    0.8479    1.0780    1.6411
    2.1360   -1.6253    0.8460    1.0883    1.5558
    2.1390   -1.6220    0.8439    1.1015    1.5844
    2.1420   -1.6188    0.8421    1.1035    1.5726
    2.1450   -1.6154    0.8396    1.1196    1.6804
    2.1480   -1.6115    0.8366    1.1411    1.8321
    2.1510   -1.6084    0.8346    1.1523    1.9116
    2.1540   -1.6051    0.8325    1.1571    1.8987
    2.1570   -1.6018    0.8303    1.1654    1.9198
    2.1600   -1.5983    0.8279    1.1797    2.0227
    2.1630   -1.5940    0.8237    1.2128    2.5537
    2.1660   -1.5916    0.8232    1.1983    2.2462
    2.1690   -1.5872    0.8194    1.2301    2.5203
    2.1720   -1.5833    0.8163    1.2450    2.6273
    2.1750   -1.5799    0.8140    1.2557    2.6748
    2.1780   -1.5760    0.8101    1.2819    3.1516
    2.1810   -1.5724    0.8077    1.2899    3.0721
    2.1840   -1.5686    0.8046    1.3026    3.2949
    2.1870   -1.5638    0.7995    1.3404    3.9355
    2.1900   -1.5595    0.7954    1.3668    4.1740
    2.1930   -1.5567    0.7947    1.3547    3.7930
    2.1960   -1.5520    0.7896    1.3915    4.6074
    2.1990   -1.5476    0.7852    1.4198    4.8620
    2.2020   -1.5436    0.7825    1.4136    4.6385
    2.2050   -1.5388    0.7755    1.4748    6.3871
    2.2080   -1.5355    0.7742    1.4603    5.7347
    2.2110   -1.5299    0.7676    1.5025    6.3398
    2.2140   -1.5257    0.7632    1.5280    6.9296
    2.2170   -1.5210    0.7590    1.5366    6.8778
    2.2200   -1.5162    0.7529    1.5704    7.7141
    2.2230   -1.5127    0.7509    1.5777    7.5744
    2.2260   -1.5080    0.7446    1.6123    8.7052
    2.2290   -1.5028    0.7392    1.6265    8.7082
    2.2320   -1.4971    0.7309    1.6754   10.1962
    2.2350   -1.4932    0.7284    1.6481    9.7084
    2.2380   -1.4876    0.7202    1.7065   11.1309
    2.2410   -1.4813    0.7098    1.7634   12.7674
    2.2440   -1.4768    0.7061    1.7650   12.6760
    2.2470   -1.4697    0.6927    1.8362   15.0501
    2.2500   -1.4662    0.6918    1.8183   14.3089
    2.2530   -1.4612    0.6850    1.8470   15.1511
    2.2560   -1.4551    0.6747    1.8765   16.7095
    2.2590   -1.4488    0.6645    1.9038   17.8591
    2.2620   -1.4441    0.6613    1.8913   16.9930
    2.2650   -1.4365    0.6446    1.9629   20.1446
    2.2680   -1.4313    0.6374    1.9730   20.7462
    2.2710   -1.4259    0.6308    1.9651   20.7868
    2.2740   -1.4201    0.6203    1.9743   22.0905
    2.2770   -1.4135    0.6091    2.0038   23.0736
    2.2800   -1.4080    0.6005    1.9910   23.8093
    2.2830   -1.4011    0.5858    2.0321   25.9116
    2.2860   -1.3959    0.5797    2.0228   25.6735
    2.2890   -1.3890    0.5646    2.0363   27.6046
    2.2920   -1.3849    0.5605    2.0096   27.0799
    2.2950   -1.3771    0.5450    2.0072   28.2359
    2.2980   -1.3738    0.5429    2.0059   28.2501
    2.3010   -1.3666    0.5280    1.9751   28.5174
    2.3040   -1.3602    0.5142    2.0130   30.2040
    2.3070   -1.3546    0.5064    1.9539   29.3379
    2.3100   -1.3472    0.4876    1.9625   31.0143
    2.3130   -1.3424    0.4813    1.9405   30.7760
    2.3160   -1.3363    0.4694    1.9136   30.8777
    2.3190   -1.3315    0.4620    1.8984   30.8700
    2.3220   -1.3253    0.4490    1.8677   30.9135
    2.3250   -1.3203    0.4405    1.8553   31.1117
    2.3280   -1.3142    0.4298    1.7952   30.1927
    2.3310   -1.3105    0.4254    1.7976   30.3192
    2.3340   -1.3042    0.4117    1.7639   30.1642
    2.3370   -1.2987    0.4025    1.7251   29.5336
    2.3400   -1.2928    0.3885    1.6932   29.5901
    2.3430   -1.2883    0.3809    1.6702   28.9728
    2.3460   -1.2832    0.3727    1.6451   28.4258
    2.3490   -1.2780    0.3640    1.6109   28.0804
    2.3520   -1.2740    0.3573    1.5967   27.6219
    2.3550   -1.2690    0.3477    1.5588   27.1948
    2.3580   -1.2651    0.3425    1.5276   26.8791
    2.3610   -1.2603    0.3347    1.5086   26.0859
    2.3640   -1.2568    0.3308    1.4730   25.4749
    2.3670   -1.2505    0.3151    1.4283   24.4405
    2.3700   -1.2464    0.3121    1.4202   24.1944
    2.3730   -1.2429    0.3076    1.3959   23.7805
    2.3760   -1.2385    0.2979    1.3680   23.0620
    2.3790   -1.2339    0.2897    1.3419   22.4335
    2.3820   -1.2305    0.2875    1.3295   22.1798
    2.3850   -1.2263    0.2806    1.3038   21.2933
    2.3880   -1.2225    0.2737    1.2797   20.8281
    2.3910   -1.2181    0.2667    1.2532   20.0462
    2.3940   -1.2151    0.2660    1.2555   19.8697
    2.3970   -1.2114    0.2608    1.2313   19.4911
    2.4000   -1.2079    0.2592    1.2240   18.9095
